(65.0,5625.710425072761,9897.972509789566)
(16.0,483.87963711003897,185.7053610278897)
(58.0,10928.036709237073,218586.42549322353)
(23.0,177.39659803009104,30.041778937001908)
(48.0,26.332487737430323,23.571282084252942)
(3.0,156129.97612037437,1342981.201839417)
(97.0,11.89375325162882,7.105427357601002E-15)
(83.0,654.1118596781889,458.38141074006614)
(90.0,98.48670931870303,40.47821608907727)
(0.0,131.17930403458732,47.72433145360886)
(17.0,6.849877570447428,3.1713607412541043)
(87.0,215.3868526689831,85.63670638299267)
(42.0,11.958239131150577,0.0012329222029695437)
(77.0,783.6997996889077,489.6724802239107)
(56.0,177.76590594048255,79.22483416412048)
(1.0,34.8252659795176,22.04363311038128)
(25.0,2539.0170830567517,1716.3905155449718)
(46.0,64.59649747470203,35.624415647354915)
(32.0,79.52403555447333,33.841909417914145)
(60.0,73.95807352004594,30.5508230627349)
(43.0,113.08457140517748,34.27825779092269)
(85.0,17.462040077789712,21.177508106607394)
(36.0,26.921617276013166,14.14587640773239)
(71.0,263.2186825945231,185.70934680522817)
(29.0,200.68909338514266,77.17975722714922)
(33.0,3.392000668303183,1.7344192432604204)
(68.0,116.61626649595023,42.93765875605203)
(54.0,96.60677881091107,8.020093696743203)
(2.0,460.4271545311111,62.49898135062305)
(89.0,69.06358551898415,46.41818969437953)
(40.0,44.17865758776474,23.007157569267644)
